APPROACH,K,sizeof(MemoRecord),num_threads,MEMORY_SIZE(MB),file_size(GB),BATCH_SIZE,total_throughput(MH/s),total_throughput(MB/s),elapsed_time_hash_total,elapsed_time_hash2_total,elapsed_time_io_total,elapsed_time_shuffle_total,other_time,elapsed_time,storage_efficiency
for,29,4,64,512,2.00,1024,1,6.79,27.17,10.43,10.85,38.05,0.00,30.55,79.03,63.98%
for,29,4,64,512,2.00,1024,1,6.39,25.57,13.87,10.76,39.41,0.00,30.70,83.98,63.99%
for,29,4,64,512,2.00,1024,1,6.24,24.97,12.77,11.22,42.57,0.00,30.65,85.99,63.99%
for,29,4,64,512,2.00,1024,1024,3.86,15.45,13.15,12.03,82.05,0.00,43.80,139.00,63.99%
for,29,4,64,512,2.00,1024,1024,4.31,17.23,14.22,11.58,70.21,0.00,40.17,124.61,63.99%
for,29,4,64,512,2.00,1024,1024,4.48,17.93,15.18,11.70,68.63,0.00,35.98,119.79,63.99%
for,29,4,64,512,2.00,1024,2048,4.20,16.82,13.33,11.30,59.36,0.00,54.99,127.68,63.99%
for,29,4,64,512,2.00,1024,2048,4.38,17.51,12.45,12.18,65.36,0.00,44.80,122.61,63.98%
for,29,4,64,512,2.00,1024,2048,4.21,16.85,13.98,12.28,72.96,0.00,40.53,127.47,63.99%
for,29,4,64,512,2.00,1024,4096,6.59,26.35,12.15,11.78,35.67,0.00,33.68,81.50,63.99%
for,29,4,64,512,2.00,1024,4096,6.88,27.51,12.03,12.30,32.11,0.00,33.92,78.07,63.99%
for,29,4,64,512,2.00,1024,4096,7.37,29.48,12.20,11.58,28.26,0.00,32.40,72.86,64.00%
for,29,4,64,512,2.00,1024,8192,6.71,26.86,13.63,11.51,34.12,0.00,32.22,79.96,63.99%
for,29,4,64,512,2.00,1024,8192,5.63,22.53,14.28,11.93,47.69,0.00,33.34,95.31,63.99%
for,29,4,64,512,2.00,1024,8192,7.48,29.91,10.72,11.17,29.96,0.00,31.11,71.79,63.99%
for,29,4,64,512,2.00,1024,16384,7.30,29.19,10.71,10.97,31.64,0.00,31.22,73.56,63.99%
for,29,4,64,512,2.00,1024,16384,8.02,32.10,10.48,11.65,24.42,0.00,32.00,66.90,63.99%
for,29,4,64,512,2.00,1024,16384,8.51,34.03,11.32,11.06,22.18,0.00,29.60,63.10,63.99%
for,29,4,64,512,2.00,1024,32768,8.08,32.31,10.74,11.13,23.49,0.00,32.23,66.46,63.99%
for,29,4,64,512,2.00,1024,32768,7.74,30.95,10.80,11.15,25.89,0.00,32.69,69.39,63.99%
for,29,4,64,512,2.00,1024,32768,7.30,29.19,10.31,10.96,31.70,0.00,31.57,73.58,63.99%
for,29,4,64,512,2.00,1024,65536,8.04,32.15,10.46,10.82,22.63,0.00,33.71,66.80,63.99%
for,29,4,64,512,2.00,1024,65536,8.05,32.18,10.63,10.72,25.37,0.00,30.73,66.73,63.99%
for,29,4,64,512,2.00,1024,65536,6.71,26.82,10.03,10.79,37.47,0.00,32.57,80.07,63.99%
for,29,4,64,512,2.00,1024,131072,7.34,29.37,9.81,10.47,31.18,0.00,32.12,73.11,63.99%
for,29,4,64,512,2.00,1024,131072,7.19,28.75,11.10,11.34,30.94,0.00,32.65,74.70,63.99%
for,29,4,64,512,2.00,1024,131072,8.02,32.09,10.47,11.29,23.54,0.00,32.91,66.92,63.98%
for,29,4,64,512,2.00,1024,262144,7.49,29.96,9.81,10.58,30.48,0.00,31.38,71.67,63.99%
for,29,4,64,512,2.00,1024,262144,8.18,32.72,10.07,10.89,23.43,0.00,32.13,65.63,63.99%
for,29,4,64,512,2.00,1024,262144,7.96,31.83,10.97,10.89,26.34,0.00,30.17,67.48,63.99%
for,29,4,64,512,2.00,1024,524288,7.95,31.82,10.04,10.72,26.13,0.00,31.32,67.49,63.99%
for,29,4,64,512,2.00,1024,524288,7.95,31.80,9.92,10.90,26.34,0.00,31.26,67.52,64.00%
for,29,4,64,512,2.00,1024,524288,7.86,31.43,10.65,11.11,26.47,0.00,31.20,68.32,63.99%
for,29,4,64,512,2.00,1024,1048576,7.26,29.05,10.54,11.11,30.97,0.00,32.41,73.92,63.99%
for,29,4,64,512,2.00,1024,1048576,7.41,29.66,10.80,10.62,30.77,0.00,30.85,72.41,63.99%
for,29,4,64,512,2.00,1024,1048576,7.25,29.01,11.22,10.91,31.95,0.00,30.87,74.03,63.98%
for,29,4,64,512,2.00,1024,2097152,7.22,28.88,11.26,10.72,31.17,0.00,31.94,74.37,63.99%
for,29,4,64,512,2.00,1024,2097152,7.45,29.79,10.29,10.63,30.23,0.00,31.57,72.09,63.99%
for,29,4,64,512,2.00,1024,2097152,8.10,32.39,10.02,10.58,23.81,0.00,32.47,66.30,63.98%
for,29,4,64,512,2.00,1024,4194304,8.28,33.12,11.40,10.83,21.03,0.00,32.42,64.85,63.99%
for,29,4,64,512,2.00,1024,4194304,7.61,30.46,10.69,10.60,27.62,0.00,32.20,70.50,63.99%
for,29,4,64,512,2.00,1024,4194304,8.06,32.24,11.65,11.00,24.19,0.00,30.77,66.60,63.99%
for,29,4,64,512,2.00,1024,8388608,7.92,31.67,10.97,10.99,24.02,0.00,32.81,67.80,63.99%
for,29,4,64,512,2.00,1024,8388608,7.44,29.76,10.83,10.77,27.22,0.00,34.11,72.16,63.99%
for,29,4,64,512,2.00,1024,8388608,7.86,31.45,10.83,10.60,26.66,0.00,30.80,68.29,63.98%
for,29,4,64,512,2.00,1024,16777216,7.59,30.37,9.97,10.94,28.65,0.00,32.09,70.71,63.99%
for,29,4,64,512,2.00,1024,16777216,7.78,31.11,9.84,10.72,28.17,0.00,31.01,69.03,63.99%
for,29,4,64,512,2.00,1024,16777216,7.37,29.50,10.88,10.44,30.39,0.00,31.54,72.80,64.00%
